<?xml version="1.0" encoding="utf-8"?>
<bodies>
	<body
		name="arabian_building_detail_d">
		<capsules>
			<capsule
				name="1"
				length="3.000"
				origin="0.000, 0.000, 0.000"
				frame="1.000000, 0.000000, 0.000000, 0.000000, 0.000000, 1.000000, 0.000000, 0.000000, 0.000000, 0.000000, 1.000000, 0.000000, -1.666454, -0.200637, 1.539186, 1.000000">
				<points>
					<point
						radius="0.120">
						<bones />
					</point>
					<point
						radius="0.120">
						<bones />
					</point>
				</points>
			</capsule>
		</capsules>
	</body>
	<body
		name="arms"
		owner_skeleton="human_skeleton">
		<capsules>
			<capsule
				name="l_arm"
				length="0.200"
				origin="0.000, 0.000, 0.000"
				frame="-0.834051, -0.035514, -0.550543, 0.000000, -0.090243, -0.975702, 0.199655, 0.000000, -0.544256, 0.216205, 0.810580, 0.000000, -0.182974, -0.015308, 1.407311, 1.000000">
				<points>
					<point
						radius="0.130">
						<bones>
							<bone
								name="l_upperarm_twist"
								weight="1.000" />
						</bones>
					</point>
					<point
						radius="0.120">
						<bones>
							<bone
								name="l_upperarm_twist"
								weight="1.000" />
						</bones>
					</point>
				</points>
			</capsule>
			<capsule
				name="r_arm"
				length="0.200"
				origin="0.000, 0.000, 0.000"
				frame="0.834051, -0.035514, -0.550543, 0.000000, 0.090243, -0.975702, 0.199655, 0.000000, -0.544256, -0.216205, -0.810580, 0.000000, 0.186272, -0.013717, 1.413608, 1.000000">
				<points>
					<point
						radius="0.130">
						<bones>
							<bone
								name="r_upperarm_twist"
								weight="1.000" />
						</bones>
					</point>
					<point
						radius="0.120">
						<bones>
							<bone
								name="r_upperarm_twist"
								weight="1.000" />
						</bones>
					</point>
				</points>
			</capsule>
			<capsule
				name="spine2"
				length="0.200"
				origin="0.000, 0.000, 0.000"
				frame="0.000000, 0.044167, 0.999024, 0.000000, 0.000003, 0.999024, -0.044167, 0.000000, -1.000000, 0.000003, 0.000000, 0.000000, 0.000000, 0.029294, 1.283774, 1.000000">
				<points>
					<point
						radius="0.210">
						<bones>
							<bone
								name="spine2"
								weight="1.000" />
						</bones>
					</point>
					<point
						radius="0.180">
						<bones>
							<bone
								name="spine2"
								weight="1.000" />
						</bones>
					</point>
				</points>
			</capsule>
			<capsule
				name="spine1"
				length="0.200"
				origin="0.000, 0.000, 0.000"
				frame="0.000000, 0.050348, 0.998732, 0.000000, 0.000003, 0.998732, -0.050348, 0.000000, -1.000000, 0.000003, -0.000000, 0.000000, -0.000000, 0.013739, 1.064863, 1.000000">
				<points>
					<point
						radius="0.200">
						<bones>
							<bone
								name="spine1"
								weight="1.000" />
						</bones>
					</point>
					<point
						radius="0.200">
						<bones>
							<bone
								name="spine1"
								weight="1.000" />
						</bones>
					</point>
				</points>
			</capsule>
			<capsule
				name="l_clavicle"
				length="0.070"
				origin="0.000, 0.000, 0.000"
				frame="-1.000000, 0.000000, -0.000000, 0.000000, 0.000000, -0.999619, -0.027593, 0.000000, 0.000000, -0.027593, 0.999619, 0.000000, -0.049050, -0.032672, 1.430773, 1.000000">
				<points>
					<point
						radius="0.150">
						<bones>
							<bone
								name="l_clavicle"
								weight="1.000" />
						</bones>
					</point>
					<point
						radius="0.140">
						<bones>
							<bone
								name="l_clavicle"
								weight="1.000" />
						</bones>
					</point>
				</points>
			</capsule>
			<capsule
				name="r_clavicle"
				length="0.070"
				origin="0.000, 0.000, 0.000"
				frame="1.000000, -0.000000, 0.000000, 0.000000, 0.000000, -0.999619, -0.027593, 0.000000, -0.000000, 0.027593, -0.999619, 0.000000, 0.047146, -0.029552, 1.437760, 1.000000">
				<points>
					<point
						radius="0.150">
						<bones>
							<bone
								name="r_clavicle"
								weight="1.000" />
						</bones>
					</point>
					<point
						radius="0.140">
						<bones>
							<bone
								name="r_clavicle"
								weight="1.000" />
						</bones>
					</point>
				</points>
			</capsule>
		</capsules>
	</body>
	<body
		name="banner_aserai_level3">
		<capsules>
			<capsule
				name="New capsule"
				length="4.000"
				origin="0.000, 0.000, 0.000"
				frame="0.007623, 0.000625, 0.999971, 0.000000, -0.032368, 0.999476, -0.000378, 0.000000, -0.999447, -0.032364, 0.007639, 0.000000, -0.005629, -0.008885, 0.113612, 1.000000">
				<points>
					<point
						radius="0.020">
						<bones />
					</point>
					<point
						radius="0.031">
						<bones />
					</point>
				</points>
			</capsule>
		</capsules>
	</body>
	<body
		name="banner_b">
		<capsules>
			<capsule
				name="New capsule"
				length="4.000"
				origin="0.000, 0.000, 0.000"
				frame="-0.012421, 0.026502, -0.999572, 0.000000, 0.000329, 0.999649, 0.026500, 0.000000, 0.999924, -0.000000, -0.012425, 0.000000, -0.622005, -0.236644, -0.023426, 1.000000">
				<points>
					<point
						radius="0.200">
						<bones />
					</point>
					<point
						radius="0.200">
						<bones />
					</point>
				</points>
			</capsule>
			<capsule
				name="New capsule1"
				length="4.000"
				origin="0.000, 0.000, 0.000"
				frame="-0.012422, 0.022873, -0.999661, 0.000000, 0.000284, 0.999739, 0.022871, 0.000000, 0.999923, 0.000000, -0.012425, 0.000000, -0.030626, -0.242981, -0.012060, 1.000000">
				<points>
					<point
						radius="0.200">
						<bones />
					</point>
					<point
						radius="0.200">
						<bones />
					</point>
				</points>
			</capsule>
			<capsule
				name="New capsule2"
				length="4.000"
				origin="0.000, 0.000, 0.000"
				frame="-0.012421, 0.025869, -0.999589, 0.000000, 0.000321, 0.999666, 0.025867, 0.000000, 0.999923, -0.000000, -0.012425, 0.000000, 0.629927, -0.259557, -0.020269, 1.000000">
				<points>
					<point
						radius="0.200">
						<bones />
					</point>
					<point
						radius="0.200">
						<bones />
					</point>
				</points>
			</capsule>
		</capsules>
	</body>
	<body
		name="battania_banner_tier_1_body">
		<capsules>
			<capsule
				name="New capsule"
				length="4.300"
				origin="0.000, 0.000, 0.000"
				frame="0.001575, 0.000000, 0.999999, 0.000000, 0.000000, 1.000000, 0.000000, 0.000000, -0.999999, 0.000000, 0.001575, 0.000000, 0.000000, 0.000000, 0.000000, 1.000000">
				<points>
					<point
						radius="0.100">
						<bones />
					</point>
					<point
						radius="0.100">
						<bones />
					</point>
				</points>
			</capsule>
		</capsules>
	</body>
	<body
		name="battania_banner_tier_2_body">
		<capsules>
			<capsule
				name="New capsule"
				length="4.500"
				origin="0.000, 0.000, 0.000"
				frame="-0.003635, 0.000000, 0.999993, 0.000000, 0.000000, 1.000000, 0.000000, 0.000000, -0.999993, 0.000000, -0.003635, 0.000000, 0.000000, 0.000000, 0.000000, 1.000000">
				<points>
					<point
						radius="0.100">
						<bones />
					</point>
					<point
						radius="0.100">
						<bones />
					</point>
				</points>
			</capsule>
		</capsules>
	</body>
	<body
		name="battania_banner_tier_3_body">
		<capsules>
			<capsule
				name="New capsule"
				length="4.700"
				origin="0.000, 0.000, 0.000"
				frame="0.000497, 0.000000, 1.000000, 0.000000, 0.000000, 1.000000, 0.000000, 0.000000, -1.000000, 0.000000, 0.000497, 0.000000, 0.000000, 0.000000, 0.000000, 1.000000">
				<points>
					<point
						radius="0.100">
						<bones />
					</point>
					<point
						radius="0.100">
						<bones />
					</point>
				</points>
			</capsule>
		</capsules>
	</body>
	<body
		name="camel_neck_head_rein"
		owner_skeleton="camel_skeleton">
		<capsules>
			<capsule
				name="rib_cage"
				length="0.200"
				origin="0.000, 0.000, 0.000"
				frame="-0.000001, 0.897008, -0.442014, 0.000000, 0.000001, 0.442014, 0.897008, 0.000000, 1.000000, 0.000001, -0.000001, 0.000000, -0.000000, 0.569432, 1.761774, 1.000000">
				<points>
					<point
						radius="0.170">
						<bones>
							<bone
								name="camel_spine2"
								weight="1.000" />
						</bones>
					</point>
					<point
						radius="0.230">
						<bones>
							<bone
								name="camel_spine2"
								weight="1.000" />
						</bones>
					</point>
				</points>
			</capsule>
			<capsule
				name="neck_chest"
				length="0.200"
				origin="0.000, 0.000, 0.000"
				frame="0.000000, 0.766216, -0.642583, 0.000000, 0.000000, 0.642583, 0.766216, 0.000000, 1.000000, -0.000000, 0.000000, 0.000000, -0.000000, 0.797422, 1.649429, 1.000000">
				<points>
					<point
						radius="0.210">
						<bones>
							<bone
								name="camel_chest"
								weight="1.000" />
						</bones>
					</point>
					<point
						radius="0.200">
						<bones>
							<bone
								name="camel_chest"
								weight="1.000" />
						</bones>
					</point>
				</points>
			</capsule>
			<capsule
				name="neck_1"
				length="0.200"
				origin="0.000, 0.000, 0.000"
				frame="0.000000, 0.907397, -0.420275, 0.000000, 0.000000, 0.420275, 0.907397, 0.000000, 1.000000, -0.000000, 0.000000, 0.000000, -0.000000, 0.967446, 1.506839, 1.000000">
				<points>
					<point
						radius="0.200">
						<bones>
							<bone
								name="camel_neck"
								weight="1.000" />
						</bones>
					</point>
					<point
						radius="0.150">
						<bones>
							<bone
								name="camel_neck"
								weight="1.000" />
						</bones>
					</point>
				</points>
			</capsule>
			<capsule
				name="neck_2"
				length="0.150"
				origin="0.000, 0.000, 0.000"
				frame="0.000000, 0.892444, 0.451158, 0.000000, -0.000000, -0.451158, 0.892444, 0.000000, 1.000000, -0.000000, 0.000000, 0.000000, -0.000000, 1.309994, 1.424325, 1.000000">
				<points>
					<point
						radius="0.170">
						<bones>
							<bone
								name="camel_neck2"
								weight="1.000" />
						</bones>
					</point>
					<point
						radius="0.130">
						<bones>
							<bone
								name="camel_neck2"
								weight="1.000" />
						</bones>
					</point>
				</points>
			</capsule>
			<capsule
				name="neck_3"
				length="0.150"
				origin="0.000, 0.000, 0.000"
				frame="0.000000, 0.615412, 0.788206, 0.000000, -0.000000, -0.788206, 0.615412, 0.000000, 1.000000, -0.000000, 0.000000, 0.000000, -0.000000, 1.453762, 1.497004, 1.000000">
				<points>
					<point
						radius="0.130">
						<bones>
							<bone
								name="camel_neck3"
								weight="1.000" />
						</bones>
					</point>
					<point
						radius="0.150">
						<bones>
							<bone
								name="camel_neck3"
								weight="1.000" />
						</bones>
					</point>
				</points>
			</capsule>
			<capsule
				name="neck_4"
				length="0.110"
				origin="0.000, 0.000, 0.000"
				frame="0.000000, 0.412260, 0.911066, 0.000000, -0.000000, -0.911066, 0.412260, 0.000000, 1.000000, -0.000000, 0.000000, 0.000000, -0.000000, 1.556874, 1.629068, 1.000000">
				<points>
					<point
						radius="0.130">
						<bones>
							<bone
								name="camel_neck4"
								weight="1.000" />
						</bones>
					</point>
					<point
						radius="0.150">
						<bones>
							<bone
								name="camel_neck4"
								weight="1.000" />
						</bones>
					</point>
				</points>
			</capsule>
			<capsule
				name="neck_5"
				length="1.000"
				origin="0.000, 0.000, 0.000"
				frame="-0.000000, 0.232773, 0.972531, 0.000000, -0.000000, -0.972531, 0.232773, 0.000000, 1.000000, -0.000000, 0.000000, 0.000000, 0.000000, 1.620109, 1.768814, 1.000000">
				<points>
					<point
						radius="0.130">
						<bones>
							<bone
								name="camel_neck5"
								weight="1.000" />
						</bones>
					</point>
					<point
						radius="0.150">
						<bones>
							<bone
								name="camel_neck5"
								weight="1.000" />
						</bones>
					</point>
				</points>
			</capsule>
			<capsule
				name="head"
				length="0.310"
				origin="0.000, 0.000, 0.000"
				frame="-0.001499, 0.999652, -0.026346, 0.000000, 0.047083, 0.026387, 0.998543, 0.000000, 0.998890, 0.000257, -0.047106, 0.000000, -0.000087, 1.713067, 1.913569, 1.000000">
				<points>
					<point
						radius="0.170">
						<bones>
							<bone
								name="camel_head"
								weight="1.000" />
						</bones>
					</point>
					<point
						radius="0.140">
						<bones>
							<bone
								name="camel_head"
								weight="1.000" />
						</bones>
					</point>
				</points>
			</capsule>
			<capsule
				name="camel_left_scapula"
				length="0.260"
				origin="0.000, 0.000, 0.000"
				frame="-0.052607, 0.619580, -0.783169, 0.000000, -0.030538, 0.782890, 0.621411, 0.000000, 0.998148, 0.056607, -0.022264, 0.000000, -0.123170, 0.717962, 1.534988, 1.000000">
				<points>
					<point
						radius="0.100">
						<bones>
							<bone
								name="camel_left_scapula"
								weight="0.000" />
						</bones>
					</point>
					<point
						radius="0.170">
						<bones>
							<bone
								name="camel_left_scapula"
								weight="0.000" />
						</bones>
					</point>
				</points>
			</capsule>
			<capsule
				name="camel_right_scapula"
				length="0.260"
				origin="0.000, 0.000, 0.000"
				frame="0.052607, 0.619580, -0.783169, 0.000000, 0.030537, 0.782890, 0.621411, 0.000000, 0.998148, -0.056606, 0.022266, 0.000000, 0.115286, 0.718409, 1.534817, 1.000000">
				<points>
					<point
						radius="0.100">
						<bones>
							<bone
								name="camel_right_scapula"
								weight="0.000" />
						</bones>
					</point>
					<point
						radius="0.170">
						<bones>
							<bone
								name="camel_right_scapula"
								weight="0.000" />
						</bones>
					</point>
				</points>
			</capsule>
		</capsules>
	</body>
	<body
		name="cape_body"
		owner_skeleton="human_skeleton">
		<capsules>
			<capsule
				name="l_thigh"
				length="0.200"
				origin="0.000, 0.000, 0.000"
				frame="-0.078250, -0.066326, -0.994725, 0.000000, -0.005993, 0.997798, -0.066059, 0.000000, 0.996916, 0.000791, -0.078475, 0.000000, -0.100021, 0.009439, 0.915758, 1.000000">
				<points>
					<point
						radius="0.190">
						<bones>
							<bone
								name="l_thigh"
								weight="1.000" />
						</bones>
					</point>
					<point
						radius="0.180">
						<bones>
							<bone
								name="l_thigh"
								weight="1.000" />
						</bones>
					</point>
				</points>
			</capsule>
			<capsule
				name="r_thigh"
				length="0.200"
				origin="0.000, 0.000, 0.000"
				frame="0.078249, -0.066325, -0.994725, 0.000000, 0.005991, 0.997798, -0.066059, 0.000000, 0.996916, -0.000791, 0.078475, 0.000000, 0.099969, 0.000873, 0.915269, 1.000000">
				<points>
					<point
						radius="0.190">
						<bones>
							<bone
								name="r_thigh"
								weight="1.000" />
						</bones>
					</point>
					<point
						radius="0.180">
						<bones>
							<bone
								name="r_thigh"
								weight="1.000" />
						</bones>
					</point>
				</points>
			</capsule>
			<capsule
				name="spine"
				length="0.200"
				origin="0.000, 0.000, 0.000"
				frame="0.000000, -0.026797, 0.999641, 0.000000, 0.000003, 0.999641, 0.026797, 0.000000, -1.000000, 0.000003, 0.000000, 0.000000, 0.000000, 0.022259, 0.912332, 1.000000">
				<points>
					<point
						radius="0.220">
						<bones>
							<bone
								name="spine"
								weight="1.000" />
						</bones>
					</point>
					<point
						radius="0.210">
						<bones>
							<bone
								name="spine"
								weight="1.000" />
						</bones>
					</point>
				</points>
			</capsule>
			<capsule
				name="spine1"
				length="0.080"
				origin="0.000, 0.000, 0.000"
				frame="-0.000000, 0.041296, 0.999146, 0.000000, 0.000003, 0.999146, -0.041296, 0.000000, -1.000000, 0.000003, -0.000000, 0.000000, 0.000000, 0.048158, 1.029577, 1.000000">
				<points>
					<point
						radius="0.250">
						<bones>
							<bone
								name="spine1"
								weight="1.000" />
						</bones>
					</point>
					<point
						radius="0.240">
						<bones>
							<bone
								name="spine1"
								weight="1.000" />
						</bones>
					</point>
				</points>
			</capsule>
			<capsule
				name="l_clavicle"
				length="0.100"
				origin="0.000, 0.000, 0.000"
				frame="-0.974407, 0.006203, -0.224706, 0.000000, -0.000000, -0.999620, -0.027593, 0.000000, -0.224792, -0.026887, 0.974036, 0.000000, -0.086105, -0.027338, 1.430497, 1.000000">
				<points>
					<point
						radius="0.120">
						<bones>
							<bone
								name="l_clavicle"
								weight="1.000" />
						</bones>
					</point>
					<point
						radius="0.120">
						<bones>
							<bone
								name="l_clavicle"
								weight="1.000" />
						</bones>
					</point>
				</points>
			</capsule>
			<capsule
				name="l_upperarm"
				length="0.200"
				origin="0.000, 0.000, 0.000"
				frame="-0.834051, -0.035514, -0.550543, 0.000000, -0.090243, -0.975702, 0.199655, 0.000000, -0.544256, 0.216205, 0.810580, 0.000000, -0.186272, -0.013715, 1.413607, 1.000000">
				<points>
					<point
						radius="0.100">
						<bones>
							<bone
								name="l_upperarm_twist"
								weight="1.000" />
						</bones>
					</point>
					<point
						radius="0.100">
						<bones>
							<bone
								name="l_upperarm_twist"
								weight="1.000" />
						</bones>
					</point>
				</points>
			</capsule>
			<capsule
				name="r_upperarm"
				length="0.200"
				origin="0.000, 0.000, 0.000"
				frame="0.834051, -0.035514, -0.550543, 0.000000, 0.090244, -0.975702, 0.199655, 0.000000, -0.544256, -0.216205, -0.810580, 0.000000, 0.186272, -0.013717, 1.413608, 1.000000">
				<points>
					<point
						radius="0.100">
						<bones>
							<bone
								name="r_upperarm_twist"
								weight="1.000" />
						</bones>
					</point>
					<point
						radius="0.100">
						<bones>
							<bone
								name="r_upperarm_twist"
								weight="1.000" />
						</bones>
					</point>
				</points>
			</capsule>
			<capsule
				name="l_forearm"
				length="0.200"
				origin="0.000, 0.000, 0.000"
				frame="-0.832738, 0.056543, -0.550772, 0.000000, -0.052790, -0.998348, -0.022676, 0.000000, -0.551143, 0.010191, 0.834348, 0.000000, -0.427211, -0.023974, 1.254567, 1.000000">
				<points>
					<point
						radius="0.100">
						<bones>
							<bone
								name="l_foretwist"
								weight="1.000" />
						</bones>
					</point>
					<point
						radius="0.100">
						<bones>
							<bone
								name="l_foretwist"
								weight="1.000" />
						</bones>
					</point>
				</points>
			</capsule>
			<capsule
				name="r_forearm"
				length="0.200"
				origin="0.000, 0.000, 0.000"
				frame="0.832738, 0.056543, -0.550772, 0.000000, 0.052791, -0.998348, -0.022676, 0.000000, -0.551143, -0.010191, -0.834348, 0.000000, 0.427198, -0.023981, 1.254549, 1.000000">
				<points>
					<point
						radius="0.100">
						<bones>
							<bone
								name="r_foretwist"
								weight="1.000" />
						</bones>
					</point>
					<point
						radius="0.100">
						<bones>
							<bone
								name="r_foretwist"
								weight="1.000" />
						</bones>
					</point>
				</points>
			</capsule>
			<capsule
				name="r_clavicle"
				length="0.100"
				origin="0.000, 0.000, 0.000"
				frame="0.969016, 0.006815, -0.246902, 0.000000, 0.000000, -0.999619, -0.027593, 0.000000, -0.246996, 0.026738, -0.968647, 0.000000, 0.091274, -0.013673, 1.436734, 1.000000">
				<points>
					<point
						radius="0.120">
						<bones>
							<bone
								name="r_clavicle"
								weight="1.000" />
						</bones>
					</point>
					<point
						radius="0.120">
						<bones>
							<bone
								name="r_clavicle"
								weight="1.000" />
						</bones>
					</point>
				</points>
			</capsule>
			<capsule
				name="r_calf"
				length="0.290"
				origin="0.000, 0.000, 0.000"
				frame="0.077815, -0.119797, -0.989744, 0.000000, 0.010184, 0.992798, -0.119366, 0.000000, 0.996916, -0.000791, 0.078475, 0.000000, 0.132305, -0.007017, 0.497309, 1.000000">
				<points>
					<point
						radius="0.160">
						<bones>
							<bone
								name="r_calf"
								weight="1.000" />
						</bones>
					</point>
					<point
						radius="0.140">
						<bones>
							<bone
								name="r_calf"
								weight="1.000" />
						</bones>
					</point>
				</points>
			</capsule>
			<capsule
				name="l_calf"
				length="0.290"
				origin="0.000, 0.000, 0.000"
				frame="-0.077815, -0.119797, -0.989744, 0.000000, -0.010185, 0.992798, -0.119366, 0.000000, 0.996916, 0.000791, -0.078475, 0.000000, -0.133408, -0.007095, 0.498455, 1.000000">
				<points>
					<point
						radius="0.160">
						<bones>
							<bone
								name="l_calf"
								weight="1.000" />
						</bones>
					</point>
					<point
						radius="0.140">
						<bones>
							<bone
								name="l_calf"
								weight="1.000" />
						</bones>
					</point>
				</points>
			</capsule>
			<capsule
				name="spine2"
				length="0.170"
				origin="0.000, 0.000, 0.000"
				frame="0.000000, -0.026797, 0.999641, 0.000000, 0.000003, 0.999641, 0.026797, 0.000000, -1.000000, 0.000003, 0.000000, 0.000000, 0.000000, 0.044339, 1.305990, 1.000000">
				<points>
					<point
						radius="0.230">
						<bones>
							<bone
								name="spine2"
								weight="1.000" />
						</bones>
					</point>
					<point
						radius="0.180">
						<bones>
							<bone
								name="spine2"
								weight="1.000" />
						</bones>
					</point>
				</points>
			</capsule>
		</capsules>
	</body>
	<body
		name="cape_body_02"
		owner_skeleton="human_skeleton">
		<capsules>
			<capsule
				name="spine"
				length="0.200"
				origin="0.000, 0.000, 0.000"
				frame="-0.000000, -0.026797, 0.999641, 0.000000, 0.000003, 0.999641, 0.026797, 0.000000, -1.000000, 0.000003, 0.000000, 0.000000, -0.000000, -0.021073, 0.911170, 1.000000">
				<points>
					<point
						radius="0.220">
						<bones>
							<bone
								name="spine"
								weight="1.000" />
						</bones>
					</point>
					<point
						radius="0.210">
						<bones>
							<bone
								name="spine"
								weight="1.000" />
						</bones>
					</point>
				</points>
			</capsule>
			<capsule
				name="spine1"
				length="0.080"
				origin="0.000, 0.000, 0.000"
				frame="0.000000, 0.041296, 0.999146, 0.000000, 0.000003, 0.999146, -0.041296, 0.000000, -1.000000, 0.000003, -0.000000, 0.000000, 0.003207, -0.009234, 1.232395, 1.000000">
				<points>
					<point
						radius="0.250">
						<bones>
							<bone
								name="spine1"
								weight="1.000" />
						</bones>
					</point>
					<point
						radius="0.250">
						<bones>
							<bone
								name="spine1"
								weight="1.000" />
						</bones>
					</point>
				</points>
			</capsule>
			<capsule
				name="l_thigh"
				length="0.200"
				origin="0.000, 0.000, 0.000"
				frame="-0.078250, -0.066326, -0.994725, 0.000000, -0.005993, 0.997798, -0.066059, 0.000000, 0.996916, 0.000791, -0.078475, 0.000000, -0.100021, 0.009439, 0.915758, 1.000000">
				<points>
					<point
						radius="0.190">
						<bones>
							<bone
								name="l_thigh"
								weight="1.000" />
						</bones>
					</point>
					<point
						radius="0.180">
						<bones>
							<bone
								name="l_thigh"
								weight="1.000" />
						</bones>
					</point>
				</points>
			</capsule>
			<capsule
				name="r_thigh"
				length="0.200"
				origin="0.000, 0.000, 0.000"
				frame="0.078249, -0.066325, -0.994725, 0.000000, 0.005991, 0.997798, -0.066059, 0.000000, 0.996916, -0.000791, 0.078475, 0.000000, 0.099969, 0.000873, 0.915269, 1.000000">
				<points>
					<point
						radius="0.190">
						<bones>
							<bone
								name="r_thigh"
								weight="1.000" />
						</bones>
					</point>
					<point
						radius="0.180">
						<bones>
							<bone
								name="r_thigh"
								weight="1.000" />
						</bones>
					</point>
				</points>
			</capsule>
			<capsule
				name="l_clavicle"
				length="0.100"
				origin="0.000, 0.000, 0.000"
				frame="-0.958846, 0.066882, -0.275938, 0.000000, -0.057814, -0.997491, -0.040877, 0.000000, -0.277979, -0.023241, 0.960306, 0.000000, -0.090000, -0.020000, 1.440000, 1.000000">
				<points>
					<point
						radius="0.140">
						<bones>
							<bone
								name="l_clavicle"
								weight="1.000" />
						</bones>
					</point>
					<point
						radius="0.130">
						<bones>
							<bone
								name="l_clavicle"
								weight="1.000" />
						</bones>
					</point>
				</points>
			</capsule>
			<capsule
				name="l_upperarm"
				length="0.200"
				origin="0.000, 0.000, 0.000"
				frame="-0.834051, -0.035514, -0.550543, 0.000000, -0.090243, -0.975702, 0.199655, 0.000000, -0.544256, 0.216205, 0.810580, 0.000000, -0.187096, -0.012998, 1.416737, 1.000000">
				<points>
					<point
						radius="0.120">
						<bones>
							<bone
								name="l_upperarm_twist"
								weight="1.000" />
						</bones>
					</point>
					<point
						radius="0.120">
						<bones>
							<bone
								name="l_upperarm_twist"
								weight="1.000" />
						</bones>
					</point>
				</points>
			</capsule>
			<capsule
				name="r_upperarm"
				length="0.200"
				origin="0.000, 0.000, 0.000"
				frame="0.834051, -0.035514, -0.550543, 0.000000, 0.090244, -0.975702, 0.199655, 0.000000, -0.544256, -0.216205, -0.810580, 0.000000, 0.186272, -0.013717, 1.413608, 1.000000">
				<points>
					<point
						radius="0.110">
						<bones>
							<bone
								name="r_upperarm_twist"
								weight="1.000" />
						</bones>
					</point>
					<point
						radius="0.120">
						<bones>
							<bone
								name="r_upperarm_twist"
								weight="1.000" />
						</bones>
					</point>
				</points>
			</capsule>
			<capsule
				name="l_forearm"
				length="0.200"
				origin="0.000, 0.000, 0.000"
				frame="-0.832738, 0.056543, -0.550772, 0.000000, -0.052790, -0.998348, -0.022676, 0.000000, -0.551143, 0.010191, 0.834348, 0.000000, -0.427211, -0.023974, 1.254567, 1.000000">
				<points>
					<point
						radius="0.100">
						<bones>
							<bone
								name="l_foretwist"
								weight="1.000" />
						</bones>
					</point>
					<point
						radius="0.100">
						<bones>
							<bone
								name="l_foretwist"
								weight="1.000" />
						</bones>
					</point>
				</points>
			</capsule>
			<capsule
				name="r_forearm"
				length="0.200"
				origin="0.000, 0.000, 0.000"
				frame="0.832738, 0.056543, -0.550772, 0.000000, 0.052791, -0.998348, -0.022676, 0.000000, -0.551143, -0.010191, -0.834348, 0.000000, 0.427198, -0.023981, 1.254549, 1.000000">
				<points>
					<point
						radius="0.100">
						<bones>
							<bone
								name="r_foretwist"
								weight="1.000" />
						</bones>
					</point>
					<point
						radius="0.100">
						<bones>
							<bone
								name="r_foretwist"
								weight="1.000" />
						</bones>
					</point>
				</points>
			</capsule>
			<capsule
				name="r_clavicle"
				length="0.100"
				origin="0.000, 0.000, 0.000"
				frame="0.969016, 0.006815, -0.246902, 0.000000, 0.000000, -0.999619, -0.027593, 0.000000, -0.246996, 0.026738, -0.968647, 0.000000, 0.091274, -0.016188, 1.436664, 1.000000">
				<points>
					<point
						radius="0.140">
						<bones>
							<bone
								name="r_clavicle"
								weight="1.000" />
						</bones>
					</point>
					<point
						radius="0.140">
						<bones>
							<bone
								name="r_clavicle"
								weight="1.000" />
						</bones>
					</point>
				</points>
			</capsule>
			<capsule
				name="r_calf"
				length="0.290"
				origin="0.000, 0.000, 0.000"
				frame="0.077815, -0.119797, -0.989744, 0.000000, 0.010184, 0.992798, -0.119366, 0.000000, 0.996916, -0.000791, 0.078475, 0.000000, 0.132305, -0.007017, 0.497309, 1.000000">
				<points>
					<point
						radius="0.160">
						<bones>
							<bone
								name="r_calf"
								weight="1.000" />
						</bones>
					</point>
					<point
						radius="0.140">
						<bones>
							<bone
								name="r_calf"
								weight="1.000" />
						</bones>
					</point>
				</points>
			</capsule>
			<capsule
				name="l_calf"
				length="0.290"
				origin="0.000, 0.000, 0.000"
				frame="-0.077815, -0.119797, -0.989744, 0.000000, -0.010185, 0.992798, -0.119366, 0.000000, 0.996916, 0.000791, -0.078475, 0.000000, -0.133408, -0.007095, 0.498455, 1.000000">
				<points>
					<point
						radius="0.160">
						<bones>
							<bone
								name="l_calf"
								weight="1.000" />
						</bones>
					</point>
					<point
						radius="0.140">
						<bones>
							<bone
								name="l_calf"
								weight="1.000" />
						</bones>
					</point>
				</points>
			</capsule>
			<capsule
				name="spine2"
				length="0.170"
				origin="0.000, 0.000, 0.000"
				frame="-0.000000, -0.157217, 0.987565, 0.000000, 0.000003, 0.987565, 0.157217, 0.000000, -1.000001, 0.000003, 0.000000, 0.000000, 0.000000, -0.005307, 1.331319, 1.000000">
				<points>
					<point
						radius="0.230">
						<bones>
							<bone
								name="spine2"
								weight="1.000" />
						</bones>
					</point>
					<point
						radius="0.190">
						<bones>
							<bone
								name="spine2"
								weight="1.000" />
						</bones>
					</point>
				</points>
			</capsule>
		</capsules>
	</body>
	<body
		name="celtic_helmet_capsule"
		owner_skeleton="human_skeleton">
		<capsules>
			<capsule
				name="New capsule"
				length="0.100"
				origin="0.000, 0.000, 0.000"
				frame="-0.024535, -0.041464, 0.998839, 0.000000, -0.143352, 0.988960, 0.037532, 0.000000, -0.989368, -0.142265, -0.030208, 0.000000, -0.002213, 0.040243, 1.672479, 1.000000">
				<points>
					<point
						radius="0.170">
						<bones>
							<bone
								name="head"
								weight="1.000" />
							<bone
								name="head"
								weight="1.000" />
						</bones>
					</point>
					<point
						radius="0.090">
						<bones>
							<bone
								name="head"
								weight="1.000" />
							<bone
								name="head"
								weight="1.000" />
						</bones>
					</point>
				</points>
			</capsule>
			<capsule
				name="New capsule1"
				length="0.200"
				origin="0.000, 0.000, 0.000"
				frame="1.000000, 0.000000, 0.000000, 0.000000, 0.000000, 1.000000, 0.000000, 0.000000, 0.000000, 0.000000, 1.000000, 0.000000, -0.096486, 0.037449, 1.428781, 1.000000">
				<points>
					<point
						radius="0.200">
						<bones>
							<bone
								name="spine2"
								weight="1.000" />
							<bone
								name="spine2"
								weight="1.000" />
						</bones>
					</point>
					<point
						radius="0.200">
						<bones>
							<bone
								name="spine2"
								weight="1.000" />
							<bone
								name="spine2"
								weight="1.000" />
						</bones>
					</point>
				</points>
			</capsule>
		</capsules>
	</body>
	<body
		name="climb_rope_body">
		<capsules>
			<capsule
				name="New capsule"
				length="1.640"
				origin="0.000, 0.000, 0.000"
				frame="-0.041114, 0.123371, -0.991509, 0.000000, -0.027080, 0.991846, 0.124536, 0.000000, 0.998788, 0.031970, -0.037438, 0.000000, -0.041571, 1.264944, -0.028769, 1.000000">
				<points>
					<point
						radius="1.460">
						<bones />
					</point>
					<point
						radius="1.380">
						<bones />
					</point>
				</points>
			</capsule>
		</capsules>
	</body>
	<body
		name="cloak_body"
		owner_skeleton="human_skeleton">
		<capsules>
			<capsule
				name="spine2"
				length="0.170"
				origin="0.000, 0.000, 0.000"
				frame="0.000000, -0.026797, 0.999641, 0.000000, 0.000003, 0.999641, 0.026797, 0.000000, -1.000000, 0.000003, 0.000000, 0.000000, -0.000000, 0.029437, 1.305591, 1.000000">
				<points>
					<point
						radius="0.190">
						<bones>
							<bone
								name="spine2"
								weight="1.000" />
						</bones>
					</point>
					<point
						radius="0.160">
						<bones>
							<bone
								name="spine2"
								weight="1.000" />
						</bones>
					</point>
				</points>
			</capsule>
			<capsule
				name="spine1"
				length="0.080"
				origin="0.000, 0.000, 0.000"
				frame="-0.000001, -0.136216, 0.990678, 0.000000, 0.000003, 0.990678, 0.136216, 0.000000, -1.000000, 0.000003, -0.000000, 0.000000, 0.000000, 0.108849, 1.068685, 1.000000">
				<points>
					<point
						radius="0.270">
						<bones>
							<bone
								name="spine1"
								weight="1.000" />
						</bones>
					</point>
					<point
						radius="0.260">
						<bones>
							<bone
								name="spine1"
								weight="1.000" />
						</bones>
					</point>
				</points>
			</capsule>
			<capsule
				name="l_clavicle"
				length="0.100"
				origin="0.000, 0.000, 0.000"
				frame="-0.974407, 0.006203, -0.224706, 0.000000, -0.000000, -0.999620, -0.027593, 0.000000, -0.224792, -0.026887, 0.974036, 0.000000, -0.023731, -0.044332, 1.409696, 1.000000">
				<points>
					<point
						radius="0.130">
						<bones>
							<bone
								name="l_clavicle"
								weight="1.000" />
						</bones>
					</point>
					<point
						radius="0.130">
						<bones>
							<bone
								name="l_clavicle"
								weight="1.000" />
						</bones>
					</point>
				</points>
			</capsule>
			<capsule
				name="r_clavicle"
				length="0.100"
				origin="0.000, 0.000, 0.000"
				frame="0.969016, 0.006815, -0.246902, 0.000000, 0.000000, -0.999619, -0.027593, 0.000000, -0.246996, 0.026738, -0.968647, 0.000000, 0.031728, -0.042104, 1.403601, 1.000000">
				<points>
					<point
						radius="0.130">
						<bones>
							<bone
								name="r_clavicle"
								weight="1.000" />
						</bones>
					</point>
					<point
						radius="0.130">
						<bones>
							<bone
								name="r_clavicle"
								weight="1.000" />
						</bones>
					</point>
				</points>
			</capsule>
		</capsules>
	</body>
	<body
		name="detailed_head"
		owner_skeleton="human_skeleton">
		<capsules>
			<capsule
				name="New capsule"
				length="0.090"
				origin="0.000, 0.000, 0.000"
				frame="-0.000001, 0.151389, 0.988474, 0.000000, 0.000003, 0.988474, -0.151389, 0.000000, -1.000000, 0.000002, -0.000001, 0.000000, 0.000000, 0.022729, 1.573357, 1.000000">
				<points>
					<point
						radius="0.070">
						<bones>
							<bone
								name="head"
								weight="1.000" />
						</bones>
					</point>
					<point
						radius="0.090">
						<bones>
							<bone
								name="head"
								weight="1.000" />
						</bones>
					</point>
				</points>
			</capsule>
			<capsule
				name="New capsule1"
				length="0.080"
				origin="0.000, 0.000, 0.000"
				frame="-0.000001, -0.183535, 0.983014, 0.000000, 0.000002, 0.983013, 0.183535, 0.000000, -1.000000, 0.000002, -0.000001, 0.000000, 0.000000, 0.097980, 1.620093, 1.000000">
				<points>
					<point
						radius="0.080">
						<bones>
							<bone
								name="head"
								weight="1.000" />
						</bones>
					</point>
					<point
						radius="0.080">
						<bones>
							<bone
								name="head"
								weight="1.000" />
						</bones>
					</point>
				</points>
			</capsule>
			<capsule
				name="New capsule2"
				length="0.100"
				origin="0.000, 0.000, 0.000"
				frame="-0.000001, 0.142629, 0.989776, 0.000000, 0.000003, 0.989776, -0.142629, 0.000000, -1.000000, 0.000002, -0.000001, 0.000000, 0.000000, 0.007277, 1.466125, 1.000000">
				<points>
					<point
						radius="0.130">
						<bones>
							<bone
								name="neck"
								weight="1.000" />
						</bones>
					</point>
					<point
						radius="0.090">
						<bones>
							<bone
								name="neck"
								weight="1.000" />
						</bones>
					</point>
				</points>
			</capsule>
		</capsules>
	</body>
	<body
		name="dragon_banner_weapon">
		<capsules>
			<capsule
				name="New capsule"
				length="5.000"
				origin="0.000, 0.000, 0.000"
				frame="0.003243, 0.009161, 0.999953, 0.000000, 0.000000, 0.999958, -0.009161, 0.000000, -0.999995, 0.000030, 0.003243, 0.000000, -0.008632, -0.032264, 0.054625, 1.000000">
				<points>
					<point
						radius="0.100">
						<bones />
					</point>
					<point
						radius="0.100">
						<bones />
					</point>
				</points>
			</capsule>
			<capsule
				name="New capsule1"
				length="1.200"
				origin="0.000, 0.000, 0.000"
				frame="1.000000, 0.000000, 0.000000, 0.000000, 0.000000, 1.000000, 0.000000, 0.000000, 0.000000, 0.000000, 1.000000, 0.000000, -0.562747, -0.072542, 4.361845, 1.000000">
				<points>
					<point
						radius="0.100">
						<bones />
					</point>
					<point
						radius="0.100">
						<bones />
					</point>
				</points>
			</capsule>
			<capsule
				name="New capsule2"
				length="0.500"
				origin="0.000, 0.000, 0.000"
				frame="0.006320, -0.999980, 0.000000, 0.000000, 0.999980, 0.006320, 0.000000, 0.000000, -0.000000, 0.000000, 1.000000, 0.000000, -0.001059, 0.167515, 4.982249, 1.000000">
				<points>
					<point
						radius="0.150">
						<bones />
					</point>
					<point
						radius="0.150">
						<bones />
					</point>
				</points>
			</capsule>
		</capsules>
	</body>
	<body
		name="empire_banner_tier_1_body">
		<capsules>
			<capsule
				name="pole"
				length="4.300"
				origin="0.000, 0.000, 0.000"
				frame="0.000067, 0.003783, 0.999993, 0.000000, -0.000000, 0.999993, -0.003783, 0.000000, -1.000000, -0.000000, 0.000067, 0.000000, -0.000000, -0.019200, -0.000136, 1.000000">
				<points>
					<point
						radius="0.100">
						<bones />
					</point>
					<point
						radius="0.100">
						<bones />
					</point>
				</points>
			</capsule>
			<capsule
				name="New capsule"
				length="0.600"
				origin="0.000, 0.000, 0.000"
				frame="0.354247, -0.000000, 0.935152, 0.000000, 0.000000, 1.000000, 0.000000, 0.000000, -0.935152, 0.000000, 0.354247, 0.000000, 0.015247, -0.009317, 3.469059, 1.000000">
				<points>
					<point
						radius="0.100">
						<bones />
					</point>
					<point
						radius="0.100">
						<bones />
					</point>
				</points>
			</capsule>
			<capsule
				name="New capsule11"
				length="0.600"
				origin="0.000, 0.000, 0.000"
				frame="-0.407045, 0.000000, 0.913408, 0.000000, 0.000000, 1.000000, 0.000000, 0.000000, -0.913408, 0.000000, -0.407045, 0.000000, 0.006526, -0.020400, 3.484276, 1.000000">
				<points>
					<point
						radius="0.100">
						<bones />
					</point>
					<point
						radius="0.100">
						<bones />
					</point>
				</points>
			</capsule>
			<capsule
				name="New capsule1"
				length="1.000"
				origin="0.000, 0.000, 0.000"
				frame="1.000000, 0.000000, 0.000000, 0.000000, 0.000000, 1.000000, 0.000000, 0.000000, 0.000000, 0.000000, 1.000000, 0.000000, -0.470284, 0.035984, 4.073029, 1.000000">
				<points>
					<point
						radius="0.030">
						<bones />
					</point>
					<point
						radius="0.030">
						<bones />
					</point>
				</points>
			</capsule>
		</capsules>
	</body>
	<body
		name="empire_banner_tier_2_body">
		<capsules>
			<capsule
				name="mid_pole"
				length="4.500"
				origin="0.000, 0.000, 0.000"
				frame="0.005767, 0.007616, 0.999954, 0.000000, -0.000044, 0.999971, -0.007616, 0.000000, -0.999983, -0.000000, 0.005767, 0.000000, -0.024474, -0.011457, -0.000588, 1.000000">
				<points>
					<point
						radius="0.100">
						<bones />
					</point>
					<point
						radius="0.100">
						<bones />
					</point>
				</points>
			</capsule>
			<capsule
				name="right_pole"
				length="0.700"
				origin="0.000, 0.000, 0.000"
				frame="-0.361444, 0.000000, 0.932394, 0.000000, 0.000000, 1.000000, 0.000000, 0.000000, -0.932394, 0.000000, -0.361444, 0.000000, -0.036651, -0.049548, 3.672605, 1.000000">
				<points>
					<point
						radius="0.100">
						<bones />
					</point>
					<point
						radius="0.100">
						<bones />
					</point>
				</points>
			</capsule>
			<capsule
				name="left_pole"
				length="0.700"
				origin="0.000, 0.000, 0.000"
				frame="0.372636, -0.000000, 0.927978, 0.000000, 0.000000, 1.000000, 0.000000, 0.000000, -0.927978, 0.000000, 0.372636, 0.000000, -0.001620, -0.042512, 3.633503, 1.000000">
				<points>
					<point
						radius="0.100">
						<bones />
					</point>
					<point
						radius="0.100">
						<bones />
					</point>
				</points>
			</capsule>
			<capsule
				name="New capsule"
				length="1.050"
				origin="0.000, 0.000, 0.000"
